   1.0000000e+00  -1.9030396e-01   3.8963361e-01  -4.4935672e-01   1.0686322e+00  -1.5147614e-01  -1.4788522e-01
   1.0000000e+00   2.6516295e-02   2.0553809e-01  -8.2805005e-01   5.4894425e-01   1.0297494e+00  -3.8213314e-01
   2.0000000e+00   5.0071916e-01  -1.1798341e+00   1.6745936e-01  -6.7102119e-01  -2.9839284e-01   4.9437402e-01
   2.0000000e+00   1.0371410e+00  -4.3877974e-01  -7.3558324e-01  -1.7253890e+00   4.1963195e-01   3.4704297e-01
   2.0000000e+00  -4.7451505e-02   6.0664644e-01   8.7852764e-01   2.5729127e-01  -1.0398514e+00   7.4785613e-01
   2.0000000e+00  -1.0259387e+00  -1.1266278e+00   6.8199369e-01   5.6136681e-01  -1.1305383e-01   3.2105405e-01
   2.0000000e+00  -1.0489633e+00  -8.0529686e-01   3.4164156e-01  -1.1651595e-01   4.9091087e-01  -4.5771696e-01
   2.0000000e+00   1.0111455e+00  -1.6598976e+00   2.9531691e-01  -9.4454404e-01   3.9016316e-01   5.9296598e-01
   1.0000000e+00   5.5548367e-02   2.8957233e-01  -6.9633315e-01   1.2818145e+00   2.3523720e-01   3.6924093e-01
   1.0000000e+00  -1.5036115e+00   4.5099435e-01  -1.5038349e-01  -1.2010389e-01  -6.0689370e-01  -1.3329006e+00
   2.0000000e+00   9.9060409e-01   8.9510154e-01   1.7461596e+00   1.3713724e-02   4.5308504e-02  -3.7625275e-01
   1.0000000e+00   1.1333238e+00   7.8794318e-01   2.0624926e-01  -1.2529197e+00   1.1335097e-01   1.7931364e+00
   2.0000000e+00   2.3823212e-01  -5.2041710e-01   5.1131416e-01   1.3939581e+00   1.7726350e+00  -6.0850269e-01
   2.0000000e+00  -4.3594289e-02  -1.1478853e+00   4.0752835e-01  -7.7099321e-01   2.4719065e-01  -1.5650426e+00
   2.0000000e+00  -7.0321409e-01  -1.1955185e+00  -9.0584040e-02  -6.9074596e-01  -3.0784979e-01   2.4763571e-01
   1.0000000e+00   9.8251537e-01   1.9718214e-01  -7.1521055e-01   3.8800076e-01   2.4793634e-01  -2.7302398e-01
   2.0000000e+00  -1.6673481e+00  -1.3390092e+00   4.5193025e-02   1.0178497e-01   8.7967530e-01  -7.0870879e-01
   2.0000000e+00  -1.6984204e+00   7.6971933e-01   7.2052117e-01   1.6162193e+00  -4.3310115e-01   3.7544337e-01
   2.0000000e+00   7.0004437e-01   3.2216963e-01  -1.0300217e+00   2.1006051e-02   1.0051790e+00   2.0070624e-03
   1.0000000e+00   1.0364759e+00   5.9963145e-01  -6.1532444e-01  -1.1053970e+00   8.3352029e-01  -9.1822848e-01
   2.0000000e+00  -4.8158084e-01   1.5775448e+00  -1.9928832e-01   1.1403711e+00  -1.8045127e-01  -9.8935885e-01
   2.0000000e+00  -8.3470438e-02  -9.4690101e-01  -1.0912626e+00   2.5520820e-01   6.9362177e-01  -6.3725745e-01
   2.0000000e+00   2.7002178e+00  -8.0325020e-01  -8.8155260e-01   1.1975002e+00  -1.4241711e+00   2.3633955e+00
   2.0000000e+00   6.7027344e-01   1.0832832e+00  -6.4410539e-01  -3.0417689e-01  -1.6479934e+00  -4.6043656e-01
   1.0000000e+00   5.8340834e-01   6.3844541e-01  -2.0472626e-03   2.0592481e+00  -1.8250291e+00   1.5389729e-01
   1.0000000e+00  -6.8834647e-01   8.0513784e-01  -4.9317037e-01   1.5244244e-01   1.3524343e-01  -4.1263513e-01
   2.0000000e+00   1.4814030e+00  -1.4216217e-01  -1.4674523e+00   3.3688396e-01   4.6398493e-01   3.7538531e-01
   2.0000000e+00   4.5002959e-01  -1.6955705e+00   7.6201395e-01   7.6506847e-02   8.5820037e-01   6.3076591e-01
   1.0000000e+00   4.5216472e-01   7.9607129e-01   2.4633227e-01   5.0894838e-01   8.4734124e-01  -3.2687423e-01
   2.0000000e+00  -1.2789949e+00  -1.6470989e+00   1.2476048e+00   5.1205364e-01   2.1872869e-02   2.0530738e-01
   2.0000000e+00   1.9780606e-01  -2.6021727e+00   1.3264177e+00  -7.0955617e-01  -7.4278740e-02   1.7059064e+00
   2.0000000e+00   7.6261370e-01  -4.2551511e-01  -2.1412955e-01  -7.1238633e-01  -6.8330576e-01  -6.0759470e-01
   1.0000000e+00   6.1641615e-01   1.8133920e-01   6.8956391e-01   3.7440309e-01   1.6320023e+00   8.7001581e-01
   1.0000000e+00  -4.5274006e-01   4.1870726e-01   1.0939162e-01  -2.8250204e-01  -8.8444828e-01   3.0742689e-01
   2.0000000e+00   1.7161791e+00  -5.8838867e-01  -5.6186578e-01  -4.9991086e-01   2.9368017e-01   7.0735968e-01
   2.0000000e+00   1.5439403e+00  -4.9743606e-01   8.1470233e-03   8.0978379e-01   3.9189515e-01   6.2712338e-02
   2.0000000e+00   1.5802371e+00  -3.6574936e-01  -1.5191006e+00   9.1418838e-01  -2.9268420e-01  -4.3772434e-02
   2.0000000e+00   5.8371330e-02  -1.0413006e+00  -3.1268135e-01   5.2143425e-01   6.4799129e-01  -1.3850671e+00
   2.0000000e+00   2.5866033e-01  -5.6034288e-01  -7.8377604e-01   5.9718592e-01   1.1585737e+00  -3.6819467e-01
   2.0000000e+00  -4.5197994e-01   1.3252112e+00   1.4351255e+00  -3.5150153e-01  -6.8470068e-01  -2.1344811e+00
   2.0000000e+00   2.3671095e+00   1.7984861e+00   3.7870978e-01   3.9197507e-01  -7.8079503e-01   1.0315123e+00
   2.0000000e+00  -1.2157501e+00   2.6468742e-01  -1.4409472e+00   4.8927800e-01   1.7756809e+00  -2.3075734e-01
   2.0000000e+00   1.9959633e-01  -7.5169717e-01   1.1439897e+00  -2.9121605e-01  -6.4574609e-01   1.0395468e+00
   2.0000000e+00  -2.1976171e-01  -6.6710430e-02   5.0539715e-01   1.4680451e+00  -4.3070284e-01   6.1308837e-01
   1.0000000e+00  -1.0181264e+00   4.0813593e-01  -7.4860863e-01  -3.2598195e-01   2.9879682e-01  -8.6474363e-01
   2.0000000e+00  -1.6336261e+00  -4.4008145e-01  -1.0048643e+00  -6.5812171e-01  -3.8463269e-01  -1.6228045e+00
   1.0000000e+00   5.2298529e-01   5.2425236e-02  -5.2486557e-02   9.9287451e-01   1.3651058e+00   2.2206859e-01
   2.0000000e+00   1.3210488e+00   6.3780743e-01  -8.2338975e-01   3.3475743e-01  -5.1000276e-02  -6.0682663e-01
   2.0000000e+00  -4.6260640e-02  -8.5978734e-01   8.4818229e-01  -4.7927044e-01   9.3236953e-01   4.4677560e-01
   2.0000000e+00   1.9035839e-02  -4.4135158e-01   1.6904303e+00  -1.4009437e+00  -2.3945451e+00   1.4243243e+00
   